function [clrmap1 CRank] = ClrMap1()

clrmap1 = [0 0 0.200000002980232;0 0 0.246153846383095;0 0 0.292307704687119;...
0 0 0.338461548089981;0 0 0.384615391492844;0 0 0.430769234895706;...
0 0 0.476923078298569;0 0 0.523076951503754;0 0 0.569230794906616;...
0 0 0.615384638309479;0 0 0.661538481712341;0 0 0.707692325115204;...
0 0 0.753846168518066;0 0 0.800000011920929;0.0235294122248888 0 0.776470601558685;...
0.0470588244497776 0 0.752941191196442;0.0705882385373116 0 0.729411780834198;...
0.0941176488995552 0 0.705882370471954;0.117647059261799 0 0.682352960109711;...
0.141176477074623 0 0.658823549747467;0.164705887436867 0 0.635294139385223;...
0.18823529779911 0 0.61176472902298;0.211764708161354 0 0.588235318660736;...
0.235294118523598 0 0.564705908298492;0.258823543787003 0 0.541176497936249;...
0.282352954149246 0 0.517647087574005;0.30588236451149 0 0.494117647409439;...
0.329411774873734 0 0.470588237047195;0.352941185235977 0 0.447058826684952;...
0.376470595598221 0 0.423529416322708;0.400000005960464 0 0.400000005960464;...
0.426666676998138 0 0.386666685342789;0.453333348035812 0 0.373333334922791;...
0.480000019073486 0 0.360000014305115;0.506666660308838 0 0.346666663885117;...
0.533333361148834 0 0.333333343267441;0.560000002384186 0 0.319999992847443;...
0.586666703224182 0 0.306666672229767;0.613333344459534 0 0.293333351612091;...
0.639999985694885 0 0.280000001192093;0.666666686534882 0 0.266666680574417;...
0.693333327770233 0 0.253333330154419;0.720000028610229 0 0.240000009536743;...
0.746666669845581 0 0.226666674017906;0.773333370685577 0 0.213333338499069;...
0.800000011920929 0 0.200000002980232;0.811111092567444 0 0.188888892531395;...
0.822222232818604 0 0.177777782082558;0.833333373069763 0 0.16666667163372;...
0.844444453716278 0 0.155555561184883;0.855555534362793 0 0.144444450736046;...
0.866666674613953 0 0.133333340287209;0.877777814865112 0 0.122222222387791;...
0.888888895511627 0 0.111111111938953;0.899999976158142 0 0.100000001490116;...
0.911111116409302 0 0.0888888910412788;0.922222256660461 0 0.0777777805924416;...
0.933333337306976 0 0.0666666701436043;0.944444417953491 0 0.0555555559694767;...
0.955555558204651 0 0.0444444455206394;0.966666698455811 0 0.0333333350718021;...
0.977777779102325 0 0.0222222227603197;0.98888885974884 0 0.0111111113801599;1 0 0];






% Rank 1 color
% Rank1c = [1 0 0];
% Rank2c = [1 1 0];
% Rank3c = [0 1 0];
% Rank4c = [0 1 1];
% Rank5c = [0 0 1];
% Rank1c = [1		0	0	];
% Rank2c = [1		0	.5	];
% Rank3c = [1		0	1	];
% Rank4c = [.5	0	1	];
% Rank5c = [0		0	1	];
% Rank6c = [0		0	.5	];

Rank1c = [1		0	0	];
Rank2c = [1		0	.7	];
Rank3c = [.7	0	1	];
Rank4c = [0		0	1	];
Rank5c = [0		0	.5	];
Rank6c = [0		0	.2	];
CRank = {Rank1c, Rank2c, Rank3c, Rank4c, Rank5c , Rank6c};

end