function [clrmap1 CRank] = ClrMap2()

clrmap1 = [0 0 0.5625;...
0 0 0.606249988079071;...
0 0 0.649999976158142;...
0 0 0.693750023841858;...
0 0 0.737500011920929;...
0 0 0.78125;...
0 0 0.824999988079071;...
0 0 0.868749976158142;...
0 0 0.912500023841858;...
0 0 0.956250011920929;...
0 0 1;...
0 0.0909090936183929 1;...
0 0.181818187236786 1;...
0 0.272727280855179 1;...
0 0.363636374473572 1;...
0 0.454545468091965 1;...
0 0.545454561710358 1;...
0 0.636363625526428 1;...
0 0.727272748947144 1;...
0 0.818181812763214 1;...
0 0.909090936183929 1;...
0 1 1;...
0 1 0.899999976158142;...
0 1 0.800000011920929;...
0 1 0.699999988079071;...
0 1 0.600000023841858;...
0 1 0.5;...
0 1 0.400000005960464;...
0 1 0.300000011920929;...
0 1 0.200000002980232;...
0 1 0.100000001490116;...
0 1 0;...
0.142857149243355 1 0;...
0.28571429848671 1 0;...
0.428571432828903 1 0;...
0.571428596973419 1 0;...
0.714285731315613 1 0;...
0.857142865657806 1 0;...
1 1 0;...
1 0.857142865657806 0;...
1 0.714285731315613 0;...
1 0.571428596973419 0;...
1 0.428571432828903 0;...
1 0.28571429848671 0;...
1 0.142857149243355 0;...
1 0 0;...
0.973333358764648 0 0;...
0.946666657924652 0 0;...
0.920000016689301 0 0;...
0.893333315849304 0 0;...
0.866666674613953 0 0;...
0.840000033378601 0 0;...
0.813333332538605 0 0;...
0.786666691303253 0 0;...
0.759999990463257 0 0;...
0.733333349227905 0 0;...
0.706666707992554 0 0;...
0.680000007152557 0 0;...
0.653333365917206 0 0;...
0.626666665077209 0 0;...
0.600000023841858 0 0;...
0.566666662693024 0 0;...
0.533333361148834 0 0;...
0.5 0 0];



Rank1c = [1 0 0];
Rank2c = [1 1 0];
Rank3c = [0 1 0];
Rank4c = [0 .5 .8];
Rank5c = [0 0 1];
Rank6c = [0 0 .5];
CRank = {Rank1c, Rank2c, Rank3c, Rank4c, Rank5c , Rank6c};


end